NRMSE: 0.037017349153757095
PSNR: 27.18017578125 
SSIM: tensor([0.5776], device='cuda:0') 
Diverged: 0
