NRMSE: 0.030575964599847794
PSNR: 28.803333282470703 
SSIM: tensor([0.8338], device='cuda:0')
